function [a dadx  dady dadz b dbdx dbdy dbdz c dcdx dcdy dcdz]=parameters_melting_curve_silicic(mH2O,mCO2,P)

x=mH2O;
y=mCO2;
z=P/1e6;
% A = 0.36 - 0.02*H2O – 0.06*CO2 + 8.6E-04*P + 0.0024*H2O*CO2 + 6.27E-05*H2O*P + 3.57E-05*CO2*P - 0.0026*H2O^2 + 0.003*CO2^2 – 1.16E-06*P^2
% 
% B = 0.0071 + 0.0049*H2O + 0.0043*CO2 – 4.08E-05*P – 7.85E-04*H2O*CO2 – 1.3E-05*H2O*P + 3.97E-06*CO2*P + 6.29E-04*H2O^2 -0.0025*CO2^2 + 8.51E-08*P^2
% 
% C = 863.09 – 36.9*H2O + 48.81*CO2 – 0.17*P – 1.52*H2O*CO2 - 0.04*H2O*P – 0.04*CO2*P + 4.57*H2O^2 -7.79*CO2^2 + 4.65E-04*P^2
% 

a=0.36 - 0.02*x - 0.06*y + 8.6E-04*z + 0.0024*x*y + 6.27E-05*x*z + 3.57E-05*y*z - 0.0026*x^2 + 0.003*y^2 - 1.16E-06*z^2;

dadx= - 0.02 + 0.0024*y + 6.27E-05*z - 2*0.0026*x;

dady= - 0.06 + 0.0024*x + 3.57E-05*z + 2* 0.003*y;

dadz= 8.6E-04 + 6.27E-05*x + 3.57E-05*y - 2* 1.16E-06*z;

dadx=dadx*100;
dady=dady*100;
dadz=1e-6*dadz;

b=0.0071 + 0.0049*x + 0.0043*y - 4.08E-05*z - 7.85E-04*x*y - 1.3E-05*x*z + 3.97E-06*y*z + 6.29E-04*x^2 -0.0025*y^2 + 8.51E-08*z^2;

dbdx = 0.0049 - 7.85E-04*y - 1.3E-05*z + 2*6.29E-04*x;

dbdy = 0.0043 - 7.85E-04*x + 3.97E-06*z - 2* 0.0025*y;

dbdz = - 4.08E-05 - 1.3E-05*x + 3.97E-06*y + 2* 8.51E-08*z;

dbdx=dbdx*100;
dbdy=dbdy*100;
dbdz=1e-6*dbdz;

c= 863.09 - 36.9*x + 48.81*y - 0.17*z - 1.52*x*y - 0.04*x*z - 0.04*y*z + 4.57*x^2 -7.79*y^2 + 4.65E-04*z^2;

dcdx = - 36.9 - 1.52*y - 0.04*z + 2*4.57*x;

dcdy = 48.81 - 1.52*x - 0.04*z -2* 7.79*y;

dcdz = - 0.17 - 0.04*x - 0.04*y + 2*4.65E-04*z;

dcdx=dcdx*100;
dcdy=dcdy*100;
dcdz=1e-6*dcdz;
